# tau (s), T (K) 
158.991 2225.51
0.472009 2221.66
0.240458 2217.81
0.158569 2213.96
0.116178 2210.11
0.090209 2206.26
0.0726915 2202.41
0.0601119 2198.56
0.0506719 2194.71
0.0433525 2190.86
0.037532 2187
0.0328095 2183.15
0.0289143 2179.3
0.0256575 2175.45
0.0229027 2171.6
0.0205495 2167.75
0.018522 2163.9
0.0167619 2160.05
0.0152239 2156.2
0.013872 2152.35
0.0126773 2148.49
0.0116165 2144.64
0.0106706 2140.79
0.00982382 2136.94
0.00906299 2133.09
0.00837715 2129.24
0.00775701 2125.39
0.0071947 2121.54
0.0066835 2117.69
0.00621762 2113.83
0.00579208 2109.98
0.00540256 2106.13
0.0050453 2102.28
0.00471702 2098.43
0.00441482 2094.58
0.00413618 2090.73
0.00387885 2086.88
0.00364084 2083.03
0.00342038 2079.18
0.00321594 2075.32
0.0030261 2071.47
0.00284959 2067.62
0.00268529 2063.77
0.00253219 2059.92
0.00238937 2056.07
0.00225601 2052.22
0.00213136 2048.37
0.00201475 2044.52
0.00190556 2040.67
0.00180324 2036.81
0.00170727 2032.96
0.00161718 2029.11
0.00153257 2025.26
0.00145302 2021.41
0.0013782 2017.56
0.00130778 2013.71
0.00124144 2009.86
0.00117893 2006.01
0.00111997 2002.15
0.00106435 1998.3
0.00101184 1994.45
0.000962238 1990.6
0.000915366 1986.75
0.00087105 1982.9
0.000829132 1979.05
0.000789464 1975.2
0.00075191 1971.35
0.000716343 1967.5
0.000682645 1963.64
0.000650705 1959.79
0.000620423 1955.94
0.000591701 1952.09
0.000564451 1948.24
0.00053859 1944.39
0.00051404 1940.54
0.000490729 1936.69
0.000468589 1932.84
0.000447556 1928.99
0.00042757 1925.13
0.000408577 1921.28
0.000390523 1917.43
0.00037336 1913.58
0.000357041 1909.73
0.000341523 1905.88
0.000326765 1902.03
0.00031273 1898.18
0.000299381 1894.33
0.000286684 1890.48
0.000274607 1886.62
0.00026312 1882.77
0.000252195 1878.92
0.000241805 1875.07
0.000231925 1871.22
0.00022253 1867.37
0.000213598 1863.52
0.000205108 1859.67
0.00019704 1855.82
0.000189374 1851.96
0.000182093 1848.11
0.000175178 1844.26
0.000168614 1840.41
0.000162386 1836.56
0.000156478 1832.71
0.000150877 1828.86
0.000145569 1825.01
0.000140541 1821.16
0.000135783 1817.31
0.000131282 1813.45
0.000127028 1809.6
0.00012301 1805.75
0.000119218 1801.9
0.000115644 1798.05
0.000112278 1794.2
0.000109113 1790.35
0.00010614 1786.5
0.000103352 1782.65
0.000100742 1778.8
9.83042e-05 1774.94
9.60314e-05 1771.09
9.39184e-05 1767.24
9.19599e-05 1763.39
9.01513e-05 1759.54
8.8488e-05 1755.69
8.69663e-05 1751.84
8.55826e-05 1747.99
8.43338e-05 1744.14
8.32174e-05 1740.28
8.22313e-05 1736.43
8.13739e-05 1732.58
8.06441e-05 1728.73
8.00413e-05 1724.88
7.95655e-05 1721.03
7.92174e-05 1717.18
7.89981e-05 1713.33
7.89095e-05 1709.48
7.89542e-05 1705.63
7.91355e-05 1701.77
7.94577e-05 1697.92
7.99259e-05 1694.07
8.0546e-05 1690.22
8.13253e-05 1686.37
8.2272e-05 1682.52
8.33956e-05 1678.67
8.4707e-05 1674.82
8.62185e-05 1670.97
8.79438e-05 1667.12
8.98985e-05 1663.26
9.20996e-05 1659.41
9.45661e-05 1655.56
9.73184e-05 1651.71
0.000100379 1647.86
0.00010377 1644.01
0.000107518 1640.16
0.000111647 1636.31
0.000116184 1632.46
0.000121152 1628.61
0.000126577 1624.75
0.000132481 1620.9
0.000138882 1617.05
0.000145798 1613.2
0.000153239 1609.35
0.000161216 1605.5
0.000169733 1601.65
0.000178791 1597.8
0.000188388 1593.95
0.000198521 1590.09
0.000209184 1586.24
0.000220373 1582.39
0.000232081 1578.54
0.000244303 1574.69
0.000257037 1570.84
0.00027028 1566.99
0.00028403 1563.14
0.00029829 1559.29
0.000313063 1555.44
0.000328353 1551.58
0.000344167 1547.73
0.000360513 1543.88
0.000377402 1540.03
0.000394843 1536.18
0.000412851 1532.33
0.000431438 1528.48
0.000450621 1524.63
0.000470415 1520.78
0.000490839 1516.93
0.00051191 1513.07
0.000533649 1509.22
0.000556076 1505.37
0.000579212 1501.52
0.00060308 1497.67
0.000627704 1493.82
0.000653107 1489.97
0.000679316 1486.12
0.000706356 1482.27
0.000734254 1478.41
0.000763039 1474.56
0.000792739 1470.71
0.000823384 1466.86
0.000855005 1463.01
0.000887635 1459.16
0.000921305 1455.31
0.00095605 1451.46
0.000991904 1447.61
0.0010289 1443.76
0.00106709 1439.9
0.00110649 1436.05
0.00114715 1432.2
0.00118912 1428.35
0.00123242 1424.5
0.00127711 1420.65
0.00132323 1416.8
0.00137083 1412.95
0.00141995 1409.1
0.00147064 1405.25
0.00152295 1401.39
0.00157694 1397.54
0.00163265 1393.69
0.00169014 1389.84
0.00174948 1385.99
0.00181071 1382.14
0.0018739 1378.29
0.00193912 1374.44
0.00200642 1370.59
0.00207588 1366.74
0.00214757 1362.88
0.00222156 1359.03
0.00229792 1355.18
0.00237674 1351.33
0.0024581 1347.48
0.00254208 1343.63
0.00262877 1339.78
0.00271827 1335.93
0.00281068 1332.08
0.00290609 1328.22
0.00300461 1324.37
0.00310635 1320.52
0.00321144 1316.67
0.00331999 1312.82
0.00343213 1308.97
0.003548 1305.12
0.00366773 1301.27
0.00379149 1297.42
0.00391943 1293.57
0.00405171 1289.71
0.00418851 1285.86
0.00433002 1282.01
0.00447644 1278.16
0.004628 1274.31
0.00478486 1270.46
0.00494729 1266.61
0.00511554 1262.76
0.00528988 1258.91
0.00547057 1255.06
0.00565792 1251.2
0.00585225 1247.35
0.0060539 1243.5
0.00626322 1239.65
0.0064806 1235.8
0.00670644 1231.95
0.00694119 1228.1
0.00718531 1224.25
0.0074393 1220.4
0.00770369 1216.54
0.00797905 1212.69
0.00826599 1208.84
0.00856517 1204.99
0.00887727 1201.14
0.00920306 1197.29
0.00954334 1193.44
0.00989897 1189.59
0.0102709 1185.74
0.0106601 1181.89
0.0110676 1178.03
0.0114947 1174.18
0.0119425 1170.33
0.0124123 1166.48
0.0129057 1162.63
0.0134243 1158.78
0.0139695 1154.93
0.0145434 1151.08
0.0151478 1147.23
0.0157849 1143.38
0.0164569 1139.52
0.0171665 1135.67
0.0179162 1131.82
0.0187089 1127.97
0.019548 1124.12
0.0204368 1120.27
0.021379 1116.42
0.0223788 1112.57
0.0234405 1108.72
0.0245691 1104.87
0.0257697 1101.01
0.0270481 1097.16
0.0284105 1093.31
0.0298638 1089.46
0.0314154 1085.61
0.0330734 1081.76
0.0348467 1077.91
0.036745 1074.06
0.0387789 1070.21
0.04096 1066.35
0.043301 1062.5
0.0458159 1058.65
0.0485198 1054.8
0.0514295 1050.95
0.0545633 1047.1
0.0579412 1043.25
0.0615851 1039.4
0.0655194 1035.55
0.0697704 1031.7
0.0743673 1027.84
0.079342 1023.99
0.0847296 1020.14
0.0905688 1016.29
0.096902 1012.44
0.103776 1008.59
0.111242 1004.74
0.119357 1000.89
0.128183 997.036
0.137789 993.185
0.14825 989.334
0.159652 985.483
0.172085 981.632
0.185653 977.781
0.200468 973.93
0.216655 970.079
0.234353 966.228
0.253715 962.377
0.274913 958.526
0.298134 954.675
0.32359 950.824
0.351513 946.973
0.382165 943.122
0.415835 939.271
0.45282 935.42
0.493534 931.569
0.538357 927.718
0.587742 923.867
0.642198 920.016
0.702294 916.165
0.768672 912.314
0.842053 908.463
0.923251 904.612
1.01318 900.761
1.11289 896.91
1.22354 893.058
1.34647 889.207
1.48319 885.356
1.63542 881.505
1.80512 877.654
1.99451 873.803
2.20616 869.952
2.44297 866.101
2.70831 862.25
3.00602 858.399
3.34052 854.548
3.71691 850.697
4.1411 846.846
4.61989 842.995
5.16119 839.144
5.77419 835.293
6.46958 831.442
7.25983 827.591
8.15952 823.74
9.18573 819.889
10.3585 816.038
11.7015 812.187
13.2425 808.336
15.0145 804.485
17.0564 800.634
19.4147 796.783
22.1445 792.932
25.3119 789.081
28.9958 785.23
33.291 781.379
38.3119 777.528
44.1962 773.677
51.1109 769.826
59.259 765.975
68.8874 762.124
80.2982 758.272
93.8616 754.421
110.033 750.57
126.084 746.719
152.508 742.868
175.536 739.017
206.367 735.166
244.673 731.315
291.528 727.464
348.721 723.613
418.662 719.762
504.46 715.911
610.087 712.06
740.619 708.209
902.557 704.358
1104.26 700.507
1356.53 696.656
1673.35 692.805
2072.95 688.954
2579.13 685.103
3223.15 681.252
4046.2 677.401
5102.82 673.55
6465.48 669.699
8230.9 665.848
10528.6 661.997
13532.8 658.146
17478.5 654.295
22683.8 650.444
29580.3 646.593
38755.3 642.742
51008.9 638.891
67432.9 635.04
89517.6 631.189
119296 627.337
159539 623.486
214010 619.635
287805 615.784
387788 611.933
523145 608.082
706061 604.231
952544 600.38
1.28335e+06 596.529
1.72496e+06 592.678
2.31054e+06 588.827
3.0806e+06 584.976
4.08315e+06 581.125
5.37282e+06 577.274
7.00862e+06 573.423
9.04987e+06 569.572
1.15504e+07 565.721
1.45519e+07 561.87
1.80793e+07 558.019
2.21397e+07 554.168
2.67299e+07 550.317
3.18483e+07 546.466
3.75071e+07 542.615
4.37382e+07 538.764
5.05908e+07 534.913
5.81236e+07 531.062
6.63953e+07 527.211
7.54579e+07 523.36
8.53501e+07 519.509
9.60947e+07 515.658
1.07696e+08 511.807
1.20139e+08 507.956
1.33392e+08 504.105
1.47404e+08 500.254
1.62113e+08 496.402
1.77443e+08 492.551
1.93313e+08 488.7
2.09636e+08 484.849
2.26325e+08 480.998
2.43289e+08 477.147
2.60441e+08 473.296
2.77693e+08 469.445
2.94958e+08 465.594
3.12148e+08 461.743
3.29179e+08 457.892
3.45962e+08 454.041
3.62412e+08 450.19
3.78444e+08 446.339
3.93972e+08 442.488
4.08913e+08 438.637
4.23182e+08 434.786
4.367e+08 430.935
4.49385e+08 427.084
4.6116e+08 423.233
4.7195e+08 419.382
4.81681e+08 415.531
4.90283e+08 411.68
4.97688e+08 407.829
5.03832e+08 403.978
5.08652e+08 400.127
5.1209e+08 396.276
5.1409e+08 392.425
5.14601e+08 388.574
5.13573e+08 384.723
5.10956e+08 380.872
5.06706e+08 377.021
5.00777e+08 373.17
4.93122e+08 369.319
4.83694e+08 365.467
4.72445e+08 361.616
4.59321e+08 357.765
4.44267e+08 353.914
4.27222e+08 350.063
4.08124e+08 346.212
3.86909e+08 342.361
3.63515e+08 338.51
3.37883e+08 334.659
3.09963e+08 330.808
2.79717e+08 326.957
2.47121e+08 323.106
2.12169e+08 319.255
1.74869e+08 315.404
1.35241e+08 311.553
9.32951e+07 307.702
4.8973e+07 303.851
