# tau (s), T (K), Y_CO, Y_CO2 
3.6123856721e-01 2.2204245835e+03 9.6910182712e-03 1.3615644257e-01 
2.0688521242e-01 2.2165760372e+03 1.0042717634e-02 1.3560110832e-01 
1.4233413284e-01 2.2127274910e+03 1.0383402466e-02 1.3506326529e-01 
1.0661260028e-01 2.2088789447e+03 1.0717024167e-02 1.3453660613e-01 
8.3919282932e-02 2.2050303984e+03 1.1045341186e-02 1.3401832208e-01 
6.8256835402e-02 2.2011818522e+03 1.1369292552e-02 1.3350691163e-01 
5.6830306532e-02 2.1973333059e+03 1.1689439442e-02 1.3300147605e-01 
4.8155835926e-02 2.1934847597e+03 1.2006144763e-02 1.3250143293e-01 
4.1370142452e-02 2.1896362134e+03 1.2319657848e-02 1.3200638109e-01 
3.5936272265e-02 2.1857876671e+03 1.2630158559e-02 1.3151603020e-01 
3.1502357677e-02 2.1819391209e+03 1.2937782165e-02 1.3103016113e-01 
2.7828102014e-02 2.1780905746e+03 1.3242634180e-02 1.3054860225e-01 
2.4743789103e-02 2.1742420284e+03 1.3544799661e-02 1.3007121459e-01 
2.2126156000e-02 2.1703934821e+03 1.3844349255e-02 1.2959788217e-01 
1.9883542110e-02 2.1665449358e+03 1.4141343279e-02 1.2912850552e-01 
1.7946398265e-02 2.1626963896e+03 1.4435834538e-02 1.2866299715e-01 
1.6261023943e-02 2.1588478433e+03 1.4727870331e-02 1.2820127834e-01 
1.4785318901e-02 2.1549992971e+03 1.5017493910e-02 1.2774327680e-01 
1.3485831091e-02 2.1511507508e+03 1.5304745555e-02 1.2728892494e-01 
1.2335661403e-02 2.1473022045e+03 1.5589663395e-02 1.2683815858e-01 
1.1312948370e-02 2.1434536583e+03 1.5872284032e-02 1.2639091591e-01 
1.0399753777e-02 2.1396051120e+03 1.6152643031e-02 1.2594713670e-01 
9.5812306773e-03 2.1357565658e+03 1.6430775317e-02 1.2550676169e-01 
8.8449937387e-03 2.1319080195e+03 1.6706715483e-02 1.2506973205e-01 
8.1806367982e-03 2.1280594732e+03 1.6980498055e-02 1.2463598896e-01 
7.5793590266e-03 2.1242109270e+03 1.7252157706e-02 1.2420547327e-01 
7.0336722500e-03 2.1203623807e+03 1.7521729444e-02 1.2377812517e-01 
6.5371696311e-03 2.1165138345e+03 1.7789248770e-02 1.2335388395e-01 
6.0843412423e-03 2.1126652882e+03 1.8054751818e-02 1.2293268774e-01 
5.6704258336e-03 2.1088167420e+03 1.8318275483e-02 1.2251447332e-01 
5.2912907954e-03 2.1049681957e+03 1.8579857535e-02 1.2209917589e-01 
4.9433342745e-03 2.1011196494e+03 1.8839536724e-02 1.2168672896e-01 
4.6234048345e-03 2.0972711032e+03 1.9097352883e-02 1.2127706408e-01 
4.3287351141e-03 2.0934225569e+03 1.9353347021e-02 1.2087011076e-01 
4.0568867331e-03 2.0895740107e+03 1.9607561416e-02 1.2046579628e-01 
3.8057042932e-03 2.0857254644e+03 1.9860039703e-02 1.2006404550e-01 
3.5732767801e-03 2.0818769181e+03 2.0110826969e-02 1.1966478076e-01 
3.3578779922e-03 2.0780283719e+03 2.0359969827e-02 1.1926792171e-01 
3.1580501388e-03 2.0741798256e+03 2.0607516542e-02 1.1887338508e-01 
2.9724087011e-03 2.0703312794e+03 2.0853517072e-02 1.1848108464e-01 
2.7997405632e-03 2.0664827331e+03 2.1098023192e-02 1.1809093094e-01 
2.6389562690e-03 2.0626341868e+03 2.1341088580e-02 1.1770283120e-01 
2.4890752945e-03 2.0587856406e+03 2.1582768914e-02 1.1731668909e-01 
2.3492133187e-03 2.0549370943e+03 2.1823121969e-02 1.1693240459e-01 
2.2185712015e-03 2.0510885481e+03 2.2062207724e-02 1.1654987379e-01 
2.0964254113e-03 2.0472400018e+03 2.2300088464e-02 1.1616898869e-01 
1.9821196857e-03 2.0433914555e+03 2.2536828889e-02 1.1578963703e-01 
1.8750577468e-03 2.0395429093e+03 2.2772496232e-02 1.1541170205e-01 
1.7746969205e-03 2.0356943630e+03 2.3007160370e-02 1.1503506229e-01 
1.6805425335e-03 2.0318458168e+03 2.3240893949e-02 1.1465959140e-01 
1.5921429806e-03 2.0279972705e+03 2.3473772509e-02 1.1428515784e-01 
1.5090853719e-03 2.0241487242e+03 2.3705874613e-02 1.1391162473e-01 
1.4309916838e-03 2.0203001780e+03 2.3937281980e-02 1.1353884951e-01 
1.3575153470e-03 2.0164516317e+03 2.4168079627e-02 1.1316668376e-01 
1.2883382164e-03 2.0126030855e+03 2.4398356006e-02 1.1279497290e-01 
1.2231678746e-03 2.0087545392e+03 2.4628203155e-02 1.1242355594e-01 
1.1617352269e-03 2.0049059929e+03 2.4857716844e-02 1.1205226515e-01 
1.1037923536e-03 2.0010574467e+03 2.5086996729e-02 1.1168092584e-01 
1.0491105878e-03 1.9972089004e+03 2.5316146511e-02 1.1130935599e-01 
9.9747879144e-04 1.9933603542e+03 2.5545274090e-02 1.1093736604e-01 
9.4870180857e-04 1.9895118079e+03 2.5774491724e-02 1.1056475848e-01 
9.0259907297e-04 1.9856632616e+03 2.6003916193e-02 1.1019132762e-01 
8.5900335464e-04 1.9818147154e+03 2.6233668958e-02 1.0981685924e-01 
8.1775962852e-04 1.9779661691e+03 2.6463876314e-02 1.0944113027e-01 
7.7872405260e-04 1.9741176229e+03 2.6694669552e-02 1.0906390851e-01 
7.4176304317e-04 1.9702690766e+03 2.6926185102e-02 1.0868495227e-01 
7.0675243717e-04 1.9664205304e+03 2.7158564683e-02 1.0830401012e-01 
6.7357673204e-04 1.9625719841e+03 2.7391955429e-02 1.0792082059e-01 
6.4212839541e-04 1.9587234378e+03 2.7626510017e-02 1.0753511187e-01 
6.1230723708e-04 1.9548748916e+03 2.7862386770e-02 1.0714660155e-01 
5.8401983718e-04 1.9510263453e+03 2.8099749746e-02 1.0675499646e-01 
5.5717902476e-04 1.9471777991e+03 2.8338768805e-02 1.0635999237e-01 
5.3170340186e-04 1.9433292528e+03 2.8579619649e-02 1.0596127393e-01 
5.0751690855e-04 1.9394807065e+03 2.8822483824e-02 1.0555851446e-01 
4.8454842504e-04 1.9356321603e+03 2.9067548699e-02 1.0515137599e-01 
4.6273140714e-04 1.9317836140e+03 2.9315007387e-02 1.0473950920e-01 
4.4200355214e-04 1.9279350678e+03 2.9565058622e-02 1.0432255352e-01 
4.2230649205e-04 1.9240865215e+03 2.9817906588e-02 1.0390013731e-01 
4.0358551177e-04 1.9202379752e+03 3.0073760668e-02 1.0347187814e-01 
3.8578928985e-04 1.9163894290e+03 3.0332835131e-02 1.0303738313e-01 
3.6886965980e-04 1.9125408827e+03 3.0595348736e-02 1.0259624953e-01 
3.5278139011e-04 1.9086923365e+03 3.0861524242e-02 1.0214806531e-01 
3.3748198125e-04 1.9048437902e+03 3.1131587828e-02 1.0169241003e-01 
3.2293147830e-04 1.9009952439e+03 3.1405768389e-02 1.0122885578e-01 
3.0909229762e-04 1.8971466977e+03 3.1684296727e-02 1.0075696843e-01 
2.9592906656e-04 1.8932981514e+03 3.1967404612e-02 1.0027630892e-01 
2.8340847503e-04 1.8894496052e+03 3.2255323701e-02 9.9786434975e-02 
2.7149913783e-04 1.8856010589e+03 3.2548284320e-02 9.9286902883e-02 
2.6017146707e-04 1.8817525126e+03 3.2846514096e-02 9.8777269612e-02 
2.4939755362e-04 1.8779039664e+03 3.3150236431e-02 9.8257095158e-02 
2.3915105708e-04 1.8740554201e+03 3.3459668826e-02 9.7725945160e-02 
2.2940710348e-04 1.8702068739e+03 3.3775021041e-02 9.7183393774e-02 
2.2014219018e-04 1.8663583276e+03 3.4096493112e-02 9.6629026811e-02 
2.1133409747e-04 1.8625097813e+03 3.4424273214e-02 9.6062445123e-02 
2.0296180633e-04 1.8586612351e+03 3.4758535393e-02 9.5483268233e-02 
1.9500542203e-04 1.8548126888e+03 3.5099437186e-02 9.4891138165e-02 
1.8744610311e-04 1.8509641426e+03 3.5447117130e-02 9.4285723465e-02 
1.8026599551e-04 1.8471155963e+03 3.5801692213e-02 9.3666723361e-02 
1.7344817147e-04 1.8432670500e+03 3.6163255273e-02 9.3033872011e-02 
1.6697657302e-04 1.8394185038e+03 3.6531872399e-02 9.2386942803e-02 
1.6083595979e-04 1.8355699575e+03 3.6907580356e-02 9.1725752617e-02 
1.5501186089e-04 1.8317214113e+03 3.7290384102e-02 9.1050166002e-02 
1.4949053086e-04 1.8278728650e+03 3.7680254412e-02 9.0360099181e-02 
1.4425890924e-04 1.8240243188e+03 3.8077125689e-02 8.9655523810e-02 
1.3930458381e-04 1.8201757725e+03 3.8480893986e-02 8.8936470408e-02 
1.3461575734e-04 1.8163272262e+03 3.8891415301e-02 8.8203031386e-02 
1.3018121751e-04 1.8124786800e+03 3.9308504187e-02 8.7455363597e-02 
1.2599031008e-04 1.8086301337e+03 3.9731932711e-02 8.6693690337e-02 
1.2203291501e-04 1.8047815875e+03 4.0161429806e-02 8.5918302741e-02 
1.1829942545e-04 1.8009330412e+03 4.0596681039e-02 8.5129560528e-02 
1.1478072937e-04 1.7970844949e+03 4.1037328812e-02 8.4327892056e-02 
1.1146819377e-04 1.7932359487e+03 4.1482973011e-02 8.3513793668e-02 
1.0835365124e-04 1.7893874024e+03 4.1933172092e-02 8.2687828338e-02 
1.0542938876e-04 1.7855388562e+03 4.2387444609e-02 8.1850623606e-02 
1.0268813860e-04 1.7816903099e+03 4.2845271142e-02 8.1002868862e-02 
1.0012307115e-04 1.7778417636e+03 4.3306096623e-02 8.0145311994e-02 
9.7727789635e-05 1.7739932174e+03 4.3769332982e-02 7.9278755479e-02 
9.5496326579e-05 1.7701446711e+03 4.4234362110e-02 7.8404051981e-02 
9.3423141964e-05 1.7662961249e+03 4.4700539056e-02 7.7522099528e-02 
9.1503123064e-05 1.7624475786e+03 4.5167195412e-02 7.6633836364e-02 
8.9731585935e-05 1.7585990323e+03 4.5633642833e-02 7.5740235564e-02 
8.8104278615e-05 1.7547504861e+03 4.6099176630e-02 7.4842299497e-02 
8.6617386102e-05 1.7509019398e+03 4.6563079366e-02 7.3941054238e-02 
8.5267537230e-05 1.7470533936e+03 4.7024624425e-02 7.3037544007e-02 
8.4051813612e-05 1.7432048473e+03 4.7483079474e-02 7.2132825726e-02 
8.2967760857e-05 1.7393563010e+03 4.7937709792e-02 7.1227963762e-02 
8.2013402314e-05 1.7355077548e+03 4.8387781412e-02 7.0324024930e-02 
8.1187255662e-05 1.7316592085e+03 4.8832564041e-02 6.9422073807e-02 
8.0488352677e-05 1.7278106623e+03 4.9271333746e-02 6.8523168416e-02 
7.9916262603e-05 1.7239621160e+03 4.9703375356e-02 6.7628356303e-02 
7.9471119539e-05 1.7201135697e+03 5.0127984600e-02 6.6738671055e-02 
7.9153654368e-05 1.7162650235e+03 5.0544469954e-02 6.5855129247e-02 
7.8965231714e-05 1.7124164772e+03 5.0952154213e-02 6.4978727852e-02 
7.8907892482e-05 1.7085679310e+03 5.1350375803e-02 6.4110442082e-02 
7.8984402540e-05 1.7047193847e+03 5.1738489860e-02 6.3251223650e-02 
7.9198308037e-05 1.7008708384e+03 5.2115869108e-02 6.2401999418e-02 
7.9553997844e-05 1.6970222922e+03 5.2481904599e-02 6.1563670378e-02 
8.0056773415e-05 1.6931737459e+03 5.2836006371e-02 6.0737110891e-02 
8.0712926209e-05 1.6893251997e+03 5.3177604116e-02 5.9923168118e-02 
8.1529822428e-05 1.6854766534e+03 5.3506147953e-02 5.9122661507e-02 
8.2515994382e-05 1.6816281072e+03 5.3821109435e-02 5.8336382219e-02 
8.3681237031e-05 1.6777795609e+03 5.4121982933e-02 5.7565092328e-02 
8.5036707316e-05 1.6739310146e+03 5.4408287569e-02 5.6809523587e-02 
8.6595022525e-05 1.6700824684e+03 5.4679569891e-02 5.6070375552e-02 
8.8370352252e-05 1.6662339221e+03 5.4935407495e-02 5.5348312782e-02 
9.0378496336e-05 1.6623853759e+03 5.5175413823e-02 5.4643960844e-02 
9.2636938617e-05 1.6585368296e+03 5.5399244351e-02 5.3957900810e-02 
9.5164863505e-05 1.6546882833e+03 5.5606604342e-02 5.3290661958e-02 
9.7983119517e-05 1.6508397371e+03 5.5797258272e-02 5.2642712428e-02 
1.0111411166e-04 1.6469911908e+03 5.5971040920e-02 5.2014447689e-02 
1.0458160350e-04 1.6431426446e+03 5.6127869890e-02 5.1406176870e-02 
1.0841041132e-04 1.6392940983e+03 5.6267759100e-02 5.0818107236e-02 
1.1262597775e-04 1.6354455520e+03 5.6390832414e-02 5.0250327518e-02 
1.1725382241e-04 1.6315970058e+03 5.6497336240e-02 4.9702791186e-02 
1.2231888203e-04 1.6277484595e+03 5.6587649588e-02 4.9175301244e-02 
1.2784477251e-04 1.6238999133e+03 5.6662289858e-02 4.8667498493e-02 
1.3385302632e-04 1.6200513670e+03 5.6721912698e-02 4.8178855348e-02 
1.4036237679e-04 1.6162028207e+03 5.6767304601e-02 4.7708677143e-02 
1.4738817023e-04 1.6123542745e+03 5.6799367660e-02 4.7256112213e-02 
1.5494198149e-04 1.6085057282e+03 5.6819096909e-02 4.6820171056e-02 
1.6303148787e-04 1.6046571820e+03 5.6827551754e-02 4.6399753651e-02 
1.7166062206e-04 1.6008086357e+03 5.6825823953e-02 4.5993682765e-02 
1.8082998528e-04 1.5969600894e+03 5.6815005074e-02 4.5600740284e-02 
1.9053746601e-04 1.5931115432e+03 5.6796156351e-02 4.5219703246e-02 
2.0077898680e-04 1.5892629969e+03 5.6770283280e-02 4.4849376575e-02 
2.1154929508e-04 1.5854144507e+03 5.6738316433e-02 4.4488620287e-02 
2.2284272243e-04 1.5815659044e+03 5.6701098967e-02 4.4136369940e-02 
2.3465385634e-04 1.5777173581e+03 5.6659380468e-02 4.3791650084e-02 
2.4697809121e-04 1.5738688119e+03 5.6613816189e-02 4.3453581270e-02 
2.5981204702e-04 1.5700202656e+03 5.6564970417e-02 4.3121381672e-02 
2.7315386089e-04 1.5661717194e+03 5.6513322702e-02 4.2794364567e-02 
2.8700336705e-04 1.5623231731e+03 5.6459275772e-02 4.2471932942e-02 
3.0136218619e-04 1.5584746268e+03 5.6403164218e-02 4.2153572324e-02 
3.1623374577e-04 1.5546260806e+03 5.6345263239e-02 4.1838842723e-02 
3.3162325135e-04 1.5507775343e+03 5.6285796996e-02 4.1527370339e-02 
3.4753762586e-04 1.5469289881e+03 5.6224946296e-02 4.1218839497e-02 
3.6398542995e-04 1.5430804418e+03 5.6162855450e-02 4.0912985083e-02 
3.8097677383e-04 1.5392318956e+03 5.6099638297e-02 4.0609585647e-02 
3.9852322729e-04 1.5353833493e+03 5.6035383387e-02 4.0308457232e-02 
4.1663773296e-04 1.5315348030e+03 5.5970158402e-02 4.0009447931e-02 
4.3533452571e-04 1.5276862568e+03 5.5904013890e-02 3.9712433147e-02 
4.5462905988e-04 1.5238377105e+03 5.5836986396e-02 3.9417311481e-02 
4.7453794506e-04 1.5199891643e+03 5.5769101076e-02 3.9124001209e-02 
4.9507889059e-04 1.5161406180e+03 5.5700373868e-02 3.8832437255e-02 
5.1627065858e-04 1.5122920717e+03 5.5630813296e-02 3.8542568612e-02 
5.3813302481e-04 1.5084435255e+03 5.5560421960e-02 3.8254356139e-02 
5.6068674712e-04 1.5045949792e+03 5.5489197770e-02 3.7967770688e-02 
5.8395354037e-04 1.5007464330e+03 5.5417134964e-02 3.7682791510e-02 
6.0795605760e-04 1.4968978867e+03 5.5344224952e-02 3.7399404890e-02 
6.3271787655e-04 1.4930493404e+03 5.5270457013e-02 3.7117602995e-02 
6.5826349111e-04 1.4892007942e+03 5.5195818866e-02 3.6837382879e-02 
6.8461830712e-04 1.4853522479e+03 5.5120297146e-02 3.6558745640e-02 
7.1180864217e-04 1.4815037017e+03 5.5043877798e-02 3.6281695698e-02 
7.3986172883e-04 1.4776551554e+03 5.4966546399e-02 3.6006240170e-02 
7.6880572133e-04 1.4738066091e+03 5.4888288425e-02 3.5732388343e-02 
7.9866970498e-04 1.4699580629e+03 5.4809089468e-02 3.5460151211e-02 
8.2948370856e-04 1.4661095166e+03 5.4728935418e-02 3.5189541079e-02 
8.6127871916e-04 1.4622609704e+03 5.4647812608e-02 3.4920571227e-02 
8.9408669962e-04 1.4584124241e+03 5.4565707930e-02 3.4653255607e-02 
9.2794060824e-04 1.4545638778e+03 5.4482608930e-02 3.4387608597e-02 
9.6287442100e-04 1.4507153316e+03 5.4398503885e-02 3.4123644769e-02 
9.9892315599e-04 1.4468667853e+03 5.4313381854e-02 3.3861378707e-02 
1.0361229003e-03 1.4430182391e+03 5.4227232723e-02 3.3600824831e-02 
1.0745108393e-03 1.4391696928e+03 5.4140047236e-02 3.3341997260e-02 
1.1141252886e-03 1.4353211465e+03 5.4051817008e-02 3.3084909682e-02 
1.1550057283e-03 1.4314726003e+03 5.3962534537e-02 3.2829575248e-02 
1.1971928404e-03 1.4276240540e+03 5.3872193204e-02 3.2576006474e-02 
1.2407285490e-03 1.4237755078e+03 5.3780787263e-02 3.2324215166e-02 
1.2856560639e-03 1.4199269615e+03 5.3688311828e-02 3.2074212347e-02 
1.3320199269e-03 1.4160784152e+03 5.3594762857e-02 3.1826008200e-02 
1.3798660630e-03 1.4122298690e+03 5.3500137121e-02 3.1579612014e-02 
1.4292418345e-03 1.4083813227e+03 5.3404432178e-02 3.1335032149e-02 
1.4801960999e-03 1.4045327765e+03 5.3307646342e-02 3.1092275996e-02 
1.5327792772e-03 1.4006842302e+03 5.3209778641e-02 3.0851349951e-02 
1.5870434131e-03 1.3968356839e+03 5.3110828785e-02 3.0612259396e-02 
1.6430422565e-03 1.3929871377e+03 5.3010797114e-02 3.0375008681e-02 
1.7008313388e-03 1.3891385914e+03 5.2909684562e-02 3.0139601111e-02 
1.7604680607e-03 1.3852900452e+03 5.2807492607e-02 2.9906038945e-02 
1.8220117860e-03 1.3814414989e+03 5.2704223220e-02 2.9674323391e-02 
1.8855239424e-03 1.3775929527e+03 5.2599878823e-02 2.9444454607e-02 
1.9510681320e-03 1.3737444064e+03 5.2494462228e-02 2.9216431713e-02 
2.0187102496e-03 1.3698958601e+03 5.2387976595e-02 2.8990252794e-02 
2.0885186114e-03 1.3660473139e+03 5.2280425376e-02 2.8765914916e-02 
2.1605640938e-03 1.3621987676e+03 5.2171812258e-02 2.8543414146e-02 
2.2349202843e-03 1.3583502214e+03 5.2062141121e-02 2.8322745564e-02 
2.3116636439e-03 1.3545016751e+03 5.1951415974e-02 2.8103903291e-02 
2.3908736837e-03 1.3506531288e+03 5.1839640911e-02 2.7886880514e-02 
2.4726331550e-03 1.3468045826e+03 5.1726820055e-02 2.7671669509e-02 
2.5570282555e-03 1.3429560363e+03 5.1612957506e-02 2.7458261678e-02 
2.6441488516e-03 1.3391074901e+03 5.1498057296e-02 2.7246647576e-02 
2.7340887192e-03 1.3352589438e+03 5.1382123332e-02 2.7036816948e-02 
2.8269458031e-03 1.3314103975e+03 5.1265159353e-02 2.6828758769e-02 
2.9228224978e-03 1.3275618513e+03 5.1147168882e-02 2.6622461277e-02 
3.0218259496e-03 1.3237133050e+03 5.1028155179e-02 2.6417912022e-02 
3.1240683836e-03 1.3198647588e+03 5.0908121196e-02 2.6215097902e-02 
3.2296674557e-03 1.3160162125e+03 5.0787069536e-02 2.6014005214e-02 
3.3387466319e-03 1.3121676662e+03 5.0665002412e-02 2.5814619696e-02 
3.4514355977e-03 1.3083191200e+03 5.0541921608e-02 2.5616926577e-02 
3.5678706992e-03 1.3044705737e+03 5.0417828440e-02 2.5420910628e-02 
3.6881954171e-03 1.3006220275e+03 5.0292723721e-02 2.5226556210e-02 
3.8125608788e-03 1.2967734812e+03 5.0166607729e-02 2.5033847325e-02 
3.9411264087e-03 1.2929249349e+03 5.0039480176e-02 2.4842767674e-02 
4.0740601209e-03 1.2890763887e+03 4.9911340174e-02 2.4653300705e-02 
4.2115395574e-03 1.2852278424e+03 4.9782186212e-02 2.4465429668e-02 
4.3537523748e-03 1.2813792962e+03 4.9652016131e-02 2.4279137672e-02 
4.5009246260e-03 1.2775307499e+03 4.9520816912e-02 2.4094416093e-02 
4.6532127396e-03 1.2736822036e+03 4.9388605178e-02 2.3911231388e-02 
4.8108656546e-03 1.2698336574e+03 4.9255366709e-02 2.3729574742e-02 
4.9741194743e-03 1.2659851111e+03 4.9121096527e-02 2.3549429238e-02 
5.1432247267e-03 1.2621365649e+03 4.8985788904e-02 2.3370778088e-02 
5.3184474350e-03 1.2582880186e+03 4.8849437348e-02 2.3193604682e-02 
5.5000702727e-03 1.2544394723e+03 4.8712034584e-02 2.3017892645e-02 
5.6883938085e-03 1.2505909261e+03 4.8573572551e-02 2.2843625886e-02 
5.8837378487e-03 1.2467423798e+03 4.8434042382e-02 2.2670788645e-02 
6.0864428878e-03 1.2428938336e+03 4.8293434398e-02 2.2499365541e-02 
6.2968716731e-03 1.2390452873e+03 4.8151738096e-02 2.2329341620e-02 
6.5154108972e-03 1.2351967411e+03 4.8008942141e-02 2.2160702397e-02 
6.7424730267e-03 1.2313481948e+03 4.7865034357e-02 2.1993433899e-02 
6.9784982821e-03 1.2274996485e+03 4.7720001717e-02 2.1827522701e-02 
7.2239567808e-03 1.2236511023e+03 4.7573830337e-02 2.1662955968e-02 
7.4793508592e-03 1.2198025560e+03 4.7426505463e-02 2.1499721486e-02 
7.7452175918e-03 1.2159540098e+03 4.7278011467e-02 2.1337807693e-02 
8.0221315236e-03 1.2121054635e+03 4.7128331833e-02 2.1177203711e-02 
8.3107076385e-03 1.2082569172e+03 4.6977449151e-02 2.1017899369e-02 
8.6116045854e-03 1.2044083710e+03 4.6825345103e-02 2.0859885225e-02 
8.9255281877e-03 1.2005598247e+03 4.6672000453e-02 2.0703152587e-02 
9.2532352630e-03 1.1967112785e+03 4.6517395039e-02 2.0547693528e-02 
9.5955377848e-03 1.1928627322e+03 4.6361507756e-02 2.0393500897e-02 
9.9533074201e-03 1.1890141859e+03 4.6204316545e-02 2.0240568327e-02 
1.0327480479e-02 1.1851656397e+03 4.6045798384e-02 2.0088890243e-02 
1.0719063320e-02 1.1813170934e+03 4.5885929272e-02 1.9938461859e-02 
1.1129138255e-02 1.1774685472e+03 4.5724684216e-02 1.9789279172e-02 
1.1558870003e-02 1.1736200009e+03 4.5562037227e-02 1.9641338959e-02 
1.2009512759e-02 1.1697714546e+03 4.5397961302e-02 1.9494638761e-02 
1.2482417918e-02 1.1659229084e+03 4.5232428422e-02 1.9349176863e-02 
1.2979042548e-02 1.1620743621e+03 4.5065409545e-02 1.9204952275e-02 
1.3500958669e-02 1.1582258159e+03 4.4896874606e-02 1.9061964699e-02 
1.4049863427e-02 1.1543772696e+03 4.4726792519e-02 1.8920214496e-02 
1.4627590260e-02 1.1505287233e+03 4.4555131184e-02 1.8779702648e-02 
1.5236121143e-02 1.1466801771e+03 4.4381857505e-02 1.8640430703e-02 
1.5877600039e-02 1.1428316308e+03 4.4206937412e-02 1.8502400730e-02 
1.6554347670e-02 1.1389830846e+03 4.4030335888e-02 1.8365615246e-02 
1.7268877744e-02 1.1351345383e+03 4.3852017019e-02 1.8230077155e-02 
1.8023914788e-02 1.1312859920e+03 4.3671944038e-02 1.8095789667e-02 
1.8822413755e-02 1.1274374458e+03 4.3490079403e-02 1.7962756205e-02 
1.9667581571e-02 1.1235888995e+03 4.3306384868e-02 1.7830980316e-02 
2.0562900843e-02 1.1197403533e+03 4.3120821589e-02 1.7700465558e-02 
2.1512155928e-02 1.1158918070e+03 4.2933350239e-02 1.7571215388e-02 
2.2519461607e-02 1.1120432607e+03 4.2743931143e-02 1.7443233032e-02 
2.3589294636e-02 1.1081947145e+03 4.2552524433e-02 1.7316521346e-02 
2.4726528455e-02 1.1043461682e+03 4.2359090234e-02 1.7191082669e-02 
2.5936471382e-02 1.1004976220e+03 4.2163588862e-02 1.7066918668e-02 
2.7224908636e-02 1.0966490757e+03 4.1965981052e-02 1.6944030160e-02 
2.8598148587e-02 1.0928005295e+03 4.1766228213e-02 1.6822416944e-02 
3.0063073648e-02 1.0889519832e+03 4.1564292700e-02 1.6702077604e-02 
3.1627196286e-02 1.0851034369e+03 4.1360138125e-02 1.6583009323e-02 
3.3298720674e-02 1.0812548907e+03 4.1153729676e-02 1.6465207679e-02 
3.5086610548e-02 1.0774063444e+03 4.0945034468e-02 1.6348666440e-02 
3.7000663912e-02 1.0735577982e+03 4.0734021915e-02 1.6233377361e-02 
3.9051595291e-02 1.0697092519e+03 4.0520664116e-02 1.6119329979e-02 
4.1251126306e-02 1.0658607056e+03 4.0304936261e-02 1.6006511414e-02 
4.3612085445e-02 1.0620121594e+03 4.0086817038e-02 1.5894906173e-02 
4.6148517996e-02 1.0581636131e+03 3.9866289062e-02 1.5784495974e-02 
4.8875807197e-02 1.0543150669e+03 3.9643339287e-02 1.5675259577e-02 
5.1810807835e-02 1.0504665206e+03 3.9417959424e-02 1.5567172641e-02 
5.4971993598e-02 1.0466179743e+03 3.9190146343e-02 1.5460207599e-02 
5.8379619721e-02 1.0427694281e+03 3.8959902459e-02 1.5354333567e-02 
6.2055902586e-02 1.0389208818e+03 3.8727236086e-02 1.5249516280e-02 
6.6025218176e-02 1.0350723356e+03 3.8492161767e-02 1.5145718067e-02 
7.0314321530e-02 1.0312237893e+03 3.8254700554e-02 1.5042897864e-02 
7.4952589580e-02 1.0273752430e+03 3.8014880250e-02 1.4941011268e-02 
7.9972290087e-02 1.0235266968e+03 3.7772735598e-02 1.4840010634e-02 
8.5408879743e-02 1.0196781505e+03 3.7528308407e-02 1.4739845221e-02 
9.1301334878e-02 1.0158296043e+03 3.7281647620e-02 1.4640461381e-02 
9.7692518701e-02 1.0119810580e+03 3.7032809322e-02 1.4541802789e-02 
1.0462958949e-01 1.0081325117e+03 3.6781856675e-02 1.4443810724e-02 
1.1216445478e-01 1.0042839655e+03 3.6528859787e-02 1.4346424386e-02 
1.2035427724e-01 1.0004354192e+03 3.6273895520e-02 1.4249581254e-02 
1.2926211803e-01 9.9658687296e+02 3.6017050380e-02 1.4153225140e-02 
1.3895731469e-01 9.9273832671e+02 3.5758415185e-02 1.4057285482e-02 
1.4951652593e-01 9.8888978045e+02 3.5498087118e-02 1.3961702953e-02 
1.6102429310e-01 9.8504123419e+02 3.5236167580e-02 1.3866413062e-02 
1.7357398279e-01 9.8119268793e+02 3.4972762847e-02 1.3771351750e-02 
1.8726877661e-01 9.7734414167e+02 3.4707983550e-02 1.3676455883e-02 
2.0222278276e-01 9.7349559541e+02 3.4441944134e-02 1.3581663734e-02 
2.1856228592e-01 9.6964704915e+02 3.4174762284e-02 1.3486915466e-02 
2.3642715460e-01 9.6579850289e+02 3.3906558340e-02 1.3392153606e-02 
2.5597242783e-01 9.6194995663e+02 3.3637454698e-02 1.3297323501e-02 
2.7737010657e-01 9.5810141037e+02 3.3367575204e-02 1.3202373752e-02 
3.0081117885e-01 9.5425286411e+02 3.3097044560e-02 1.3107256632e-02 
3.2650791242e-01 9.5040431785e+02 3.2825987730e-02 1.3011928465e-02 
3.5469645377e-01 9.4655577159e+02 3.2554529369e-02 1.2916349975e-02 
3.8563977863e-01 9.4270722533e+02 3.2282793265e-02 1.2820486608e-02 
4.1963104609e-01 9.3885867907e+02 3.2010901815e-02 1.2724308801e-02 
4.5696812854e-01 9.3501013281e+02 3.1739030016e-02 1.2627780749e-02 
4.9807167514e-01 9.3116158655e+02 3.1467186912e-02 1.2530907580e-02 
5.4332431657e-01 9.2731304029e+02 3.1195542391e-02 1.2433663408e-02 
5.9318376595e-01 9.2346449403e+02 3.0924208683e-02 1.2336040587e-02 
6.4816330663e-01 9.1961594778e+02 3.0653294409e-02 1.2238037228e-02 
7.0883918020e-01 9.1576740152e+02 3.0382904315e-02 1.2139657215e-02 
7.7585914940e-01 9.1191885526e+02 3.0113139001e-02 1.2040910193e-02 
8.4995234595e-01 9.0807030900e+02 2.9844094679e-02 1.1941811506e-02 
9.3194061303e-01 9.0422176274e+02 2.9575862959e-02 1.1842382106e-02 
1.0227515891e+00 9.0037321648e+02 2.9308530685e-02 1.1742648415e-02 
1.1234338256e+00 8.9652467022e+02 2.9042179788e-02 1.1642642173e-02 
1.2351742807e+00 8.9267612396e+02 2.8776887173e-02 1.1542400225e-02 
1.3593185972e+00 8.8882757770e+02 2.8512724652e-02 1.1441964322e-02 
1.4973946467e+00 8.8497903144e+02 2.8249758857e-02 1.1341380845e-02 
1.6511399114e+00 8.8113048518e+02 2.7988051213e-02 1.1240700567e-02 
1.8225333866e+00 8.7728193892e+02 2.7727657922e-02 1.1139978347e-02 
2.0138328149e+00 8.7343339266e+02 2.7468629937e-02 1.1039272834e-02 
2.2276182200e+00 8.6958484640e+02 2.7211012972e-02 1.0938646154e-02 
2.4668429043e+00 8.6573630014e+02 2.6954847502e-02 1.0838163585e-02 
2.7348932980e+00 8.6188775388e+02 2.6700168788e-02 1.0737893226e-02 
3.0356593339e+00 8.5803920762e+02 2.6447006884e-02 1.0637905662e-02 
3.3736173585e+00 8.5419066136e+02 2.6195386657e-02 1.0538273628e-02 
3.7539280125e+00 8.5034211510e+02 2.5945327810e-02 1.0439071675e-02 
4.1825520117e+00 8.4649356885e+02 2.5696844876e-02 1.0340375828e-02 
4.6663873971e+00 8.4264502259e+02 2.5449947255e-02 1.0242263269e-02 
5.2134325652e+00 8.3879647633e+02 2.5204639202e-02 1.0144811993e-02 
5.8329803562e+00 8.3494793007e+02 2.4960919847e-02 1.0048100513e-02 
6.5358496161e+00 8.3109938381e+02 2.4718783180e-02 9.9522075328e-03 
7.3346620899e+00 8.2725083755e+02 2.4478218069e-02 9.8572116743e-03 
8.2441742818e+00 8.2340229129e+02 2.4239208236e-02 9.7631911592e-03 
9.2816761316e+00 8.1955374503e+02 2.4001732270e-02 9.6702235730e-03 
1.0467471078e+01 8.1570519877e+02 2.3765763607e-02 9.5783855673e-03 
1.1825455572e+01 8.1185665251e+02 2.3531270560e-02 9.4877526553e-03 
1.3383820340e+01 8.0800810625e+02 2.3298216287e-02 9.3983989528e-03 
1.5175901159e+01 8.0415955999e+02 2.3066558824e-02 9.3103969869e-03 
1.7241213670e+01 8.0031101373e+02 2.2836251108e-02 9.2238174993e-03 
1.9626715366e+01 7.9646246747e+02 2.2607241001e-02 9.1387292618e-03 
2.2388348823e+01 7.9261392121e+02 2.2379471339e-02 9.0551989407e-03 
2.5592933987e+01 7.8876537495e+02 2.2152879996e-02 8.9732909508e-03 
2.9320495048e+01 7.8491682869e+02 2.1927399963e-02 8.8930673401e-03 
3.3667129880e+01 7.8106828243e+02 2.1702959460e-02 8.8145877083e-03 
3.8748559118e+01 7.7721973617e+02 2.1479482052e-02 8.7379091322e-03 
4.4704528700e+01 7.7337118992e+02 2.1256886806e-02 8.6630861125e-03 
5.1704288310e+01 7.6952264366e+02 2.1035088461e-02 8.5901705456e-03 
5.9953429748e+01 7.6567409740e+02 2.0813997654e-02 8.5192117432e-03 
6.9702450081e+01 7.6182555114e+02 2.0593521131e-02 8.4502564056e-03 
8.1257510336e+01 7.5797700488e+02 2.0373562042e-02 8.3833486992e-03 
9.4993997413e+01 7.5412845862e+02 2.0154020212e-02 8.3185302929e-03 
1.1137367867e+02 7.5027991236e+02 1.9934792494e-02 8.2558404442e-03 
1.2762979136e+02 7.4643136610e+02 1.9725224905e-02 8.1910228759e-03 
1.5440413360e+02 7.4258281984e+02 1.9496991328e-02 8.1369504798e-03 
1.7773272363e+02 7.3873427358e+02 1.9288475876e-02 8.0756795214e-03 
2.0897166325e+02 7.3488572732e+02 1.9072237671e-02 8.0205678476e-03 
2.4779106997e+02 7.3103718106e+02 1.8854466323e-02 7.9681074232e-03 
2.9528050779e+02 7.2718863480e+02 1.8636115280e-02 7.9179947046e-03 
3.5325549012e+02 7.2334008854e+02 1.8417335502e-02 7.8701901219e-03 
4.2416278975e+02 7.1949154228e+02 1.8198099846e-02 7.8246921300e-03 
5.1115814059e+02 7.1564299602e+02 1.7978336055e-02 7.7815090052e-03 
6.1827388913e+02 7.1179444976e+02 1.7757961731e-02 7.7406514143e-03 
7.5066269040e+02 7.0794590350e+02 1.7536895174e-02 7.7021298147e-03 
9.1492715436e+02 7.0409735724e+02 1.7315059483e-02 7.6659532007e-03 
1.1195588820e+03 7.0024881099e+02 1.7092384774e-02 7.6321286468e-03 
1.3755221966e+03 6.9640026473e+02 1.6868809696e-02 7.6006608455e-03 
1.6970320779e+03 6.9255171847e+02 1.6644283262e-02 7.5715520066e-03 
2.1025943713e+03 6.8870317221e+02 1.6418766284e-02 7.5448012273e-03 
2.6164017791e+03 6.8485462595e+02 1.6192233437e-02 7.5204043643e-03 
3.2702140996e+03 6.8100607969e+02 1.5964675261e-02 7.4983533292e-03 
4.1058996615e+03 6.7715753343e+02 1.5736100596e-02 7.4786355718e-03 
5.1788819776e+03 6.7330898717e+02 1.5506539227e-02 7.4612329738e-03 
6.5628287498e+03 6.6946044091e+02 1.5276045442e-02 7.4461213964e-03 
8.3560491010e+03 6.6561189465e+02 1.5044701248e-02 7.4332690342e-03 
1.0690242930e+04 6.6176334839e+02 1.4812620830e-02 7.4226352507e-03 
1.3742491495e+04 6.5791480213e+02 1.4579955557e-02 7.4141688805e-03 
1.7751714061e+04 6.5406625587e+02 1.4346899392e-02 7.4078063249e-03 
2.3041272046e+04 6.5021770961e+02 1.4113695353e-02 7.4034694530e-03 
3.0050017771e+04 6.4636916335e+02 1.3880642824e-02 7.4010632287e-03 
3.9374902190e+04 6.4252061709e+02 1.3648105548e-02 7.4004731484e-03 
5.1829327654e+04 6.3867207083e+02 1.3416520993e-02 7.4015631390e-03 
6.8522796224e+04 6.3482352457e+02 1.3186410743e-02 7.4041733941e-03 
9.0969768807e+04 6.3097497831e+02 1.2958265265e-02 7.4081000329e-03 
1.2123600671e+05 6.2712643206e+02 1.2732717564e-02 7.4131084004e-03 
1.6213487669e+05 6.2327788580e+02 1.2510510634e-02 7.4189325658e-03 
2.1748817550e+05 6.1942933954e+02 1.2292455634e-02 7.4252675721e-03 
2.9246790697e+05 6.1558079328e+02 1.2079437610e-02 7.4317672448e-03 
3.9403723002e+05 6.1173224702e+02 1.1872411446e-02 7.4380430928e-03 
5.3150820965e+05 6.0788370076e+02 1.1672395874e-02 7.4436638861e-03 
7.1722958017e+05 6.0403515450e+02 1.1480467509e-02 7.4481554355e-03 
9.6740662737e+05 6.0018660824e+02 1.1297758044e-02 7.4510008977e-03 
1.3030335368e+06 5.9633806198e+02 1.1125457781e-02 7.4516422377e-03 
1.7508808629e+06 5.9248951572e+02 1.0964826458e-02 7.4494836526e-03 
2.3444214524e+06 5.8864096946e+02 1.0817213903e-02 7.4439009370e-03 
3.1244933839e+06 5.8479242320e+02 1.0684088305e-02 7.4342620012e-03 
4.1393917477e+06 5.8094387694e+02 1.0567066179e-02 7.4199662527e-03 
5.4439743520e+06 5.7709533068e+02 1.0467931122e-02 7.4005140245e-03 
7.0973159232e+06 5.7324678442e+02 1.0388616895e-02 7.3756151359e-03 
9.1585619321e+06 5.6939823816e+02 1.0331117891e-02 7.3453411629e-03 
1.1681081902e+07 5.6554969190e+02 1.0297278562e-02 7.3103107357e-03 
1.4705948688e+07 5.6170114564e+02 1.0288415171e-02 7.2718687528e-03 
1.8257061482e+07 5.5785259938e+02 1.0304766911e-02 7.2321826202e-03 
2.2341111379e+07 5.5400405313e+02 1.0344882387e-02 7.1941519949e-03 
2.6954570668e+07 5.5015550687e+02 1.0405193875e-02 7.1610568343e-03 
3.2096138408e+07 5.4630696061e+02 1.0480079506e-02 7.1359904574e-03 
3.7778798094e+07 5.4245841435e+02 1.0562505900e-02 7.1212803654e-03 
4.4035286159e+07 5.3860986809e+02 1.0644987135e-02 7.1181318150e-03 
5.0915302880e+07 5.3476132183e+02 1.0720448015e-02 7.1265760017e-03 
5.8477564883e+07 5.3091277557e+02 1.0782769990e-02 7.1456157218e-03 
6.6780848652e+07 5.2706422931e+02 1.0827059842e-02 7.1734077140e-03 
7.5876473448e+07 5.2321568305e+02 1.0849776151e-02 7.2073857472e-03 
8.5802873886e+07 5.1936713679e+02 1.0848805821e-02 7.2443118427e-03 
9.6582082841e+07 5.1551859053e+02 1.0823511210e-02 7.2802966815e-03 
1.0821779841e+08 5.1167004427e+02 1.0774718338e-02 7.3108506461e-03 
1.2069482118e+08 5.0782149801e+02 1.0704608139e-02 7.3310305949e-03 
1.3397970544e+08 5.0397295175e+02 1.0616469481e-02 7.3357188268e-03 
1.4802248905e+08 5.0012440549e+02 1.0514315136e-02 7.3200348310e-03 
1.6275929525e+08 4.9627585923e+02 1.0402400212e-02 7.2798229842e-03 
1.7811549939e+08 4.9242731297e+02 1.0284725317e-02 7.2121130666e-03 
1.9400904848e+08 4.8857876671e+02 1.0164624215e-02 7.1154349734e-03 
2.1035350237e+08 4.8473022045e+02 1.0044515464e-02 6.9899034962e-03 
2.2706044050e+08 4.8088167420e+02 9.9258456496e-03 6.8370605924e-03 
2.4404106202e+08 4.7703312794e+02 9.8091947860e-03 6.6595366905e-03 
2.6120700067e+08 4.7318458168e+02 9.6944743365e-03 6.4606356054e-03 
2.7847057455e+08 4.6933603542e+02 9.5811524209e-03 6.2439401681e-03 
2.9574469222e+08 4.6548748916e+02 9.4684494889e-03 6.0130037483e-03 
3.1294265781e+08 4.6163894290e+02 9.3554851675e-03 5.7711471816e-03 
3.2997801228e+08 4.5779039664e+02 9.2413732493e-03 5.5213515955e-03 
3.4676448111e+08 4.5394185038e+02 9.1252747312e-03 5.2662229519e-03 
3.6321604019e+08 4.5009330412e+02 9.0064214219e-03 5.0080024481e-03 
3.7924707533e+08 4.4624475786e+02 8.8841216133e-03 4.7486014390e-03 
3.9477260999e+08 4.4239621160e+02 8.7577561834e-03 4.4896461418e-03 
4.0970856819e+08 4.3854766534e+02 8.6267704176e-03 4.2325232195e-03 
4.2397205098e+08 4.3469911908e+02 8.4906649181e-03 3.9784214398e-03 
4.3748161347e+08 4.3085057282e+02 8.3489870858e-03 3.7283674440e-03 
4.5015753125e+08 4.2700202656e+02 8.2013240646e-03 3.4832552572e-03 
4.6192205385e+08 4.2315348030e+02 8.0472973172e-03 3.2438699023e-03 
4.7269964548e+08 4.1930493404e+02 7.8865589336e-03 3.0109058175e-03 
4.8241720807e+08 4.1545638778e+02 7.7187894579e-03 2.7849809078e-03 
4.9100428827e+08 4.1160784152e+02 7.5436971826e-03 2.5666469344e-03 
4.9839326013e+08 4.0775929527e+02 7.3610187373e-03 2.3563968603e-03 
5.0451947542e+08 4.0391074901e+02 7.1705208112e-03 2.1546697284e-03 
5.0932136748e+08 4.0006220275e+02 6.9720029222e-03 1.9618534561e-03 
5.1274048971e+08 3.9621365649e+02 6.7653011032e-03 1.7782859301e-03 
5.1472146592e+08 3.9236511023e+02 6.5502924188e-03 1.6042547033e-03 
5.1521182609e+08 3.8851656397e+02 6.3269002394e-03 1.4399955452e-03 
5.1416170198e+08 3.8466801771e+02 6.0951002265e-03 1.2856901026e-03 
5.1152335957e+08 3.8081947145e+02 5.8549270109e-03 1.1414628939e-03 
5.0725055663e+08 3.7697092519e+02 5.6064815911e-03 1.0073778799e-03 
5.0129772960e+08 3.7312237893e+02 5.3499395329e-03 8.8343486658e-04 
4.9361904070e+08 3.6927383267e+02 5.0855600995e-03 7.6956601587e-04 
4.8416734942e+08 3.6542528641e+02 4.8136964871e-03 6.6563277871e-04 
4.7289321106e+08 3.6157674015e+02 4.5348072941e-03 5.7142359794e-04 
4.5974404707e+08 3.5772819389e+02 4.2494692447e-03 4.8665277032e-04 
4.4466366012e+08 3.5387964763e+02 3.9583907883e-03 4.1096088622e-04 
4.2759228681e+08 3.5003110137e+02 3.6624256071e-03 3.4391728891e-04 
4.0846735800e+08 3.4618255511e+02 3.3625840439e-03 2.8502495761e-04 
3.8722509173e+08 3.4233400885e+02 3.0600392084e-03 2.3372814938e-04 
3.6380293716e+08 3.3848546259e+02 2.7561232154e-03 1.8942294290e-04 
3.3814276437e+08 3.3463691634e+02 2.4523080111e-03 1.5147060954e-04 
3.1019452610e+08 3.3078837008e+02 2.1501655782e-03 1.1921344777e-04 
2.7991995544e+08 3.2693982382e+02 1.8513044921e-03 9.1992545417e-05 
2.4729568443e+08 3.2309127756e+02 1.5572849658e-03 6.9166966953e-05 
2.1231496429e+08 3.1924273130e+02 1.2695237025e-03 5.0134448560e-05 
1.7498676774e+08 3.1539418504e+02 9.8921431423e-04 3.4355243130e-05 
1.3532989827e+08 3.1154563878e+02 7.1731715516e-04 2.1384880234e-05 
9.3355153230e+07 3.0769709252e+02 4.5475631867e-04 1.0933913645e-05 
4.9004016189e+07 3.0384854626e+02 2.0337010982e-04 3.0206202670e-06 
1.7854959539e+06 3.0000000000e+02 -2.8131437248e-05 -1.4096062335e-06 
